Date: 98/3/28

World: 2*2
number of robots: 2
horizon : 20
run number: 100
max iteration in each run: 100

*******************
OUTPUTS:
  mean_after_converge_sa:   0.9557187500000002
  std_sa:   0.041987907485370124

  em_total_mean_after_converge:   0.9691875
  std_em:   0.028185767685127896

  rnd_total_mean_after_converge:   0.7237187500000001
  rnd_std:   0.06682053857160988
